[(174, 182)],[(175, 182)],[(175, 181)],[(175, 181)],[(176, 181)]
[(175, 183)],[(174, 182)],[(175, 183)],[(173, 182)],[(175, 182)]
[(175, 183)],[(175, 183)],[(175, 183)],[(175, 182)],[(175, 182), (398, 269)]
[(379, 225), (175, 182)],[(175, 181), (361, 149)],[(174, 182)],[(175, 182)],[(174, 182)]
[(175, 182)],[(175, 182)],[(175, 181)],[(175, 181)],[(175, 182)]
[(175, 183)],[(175, 182)],[(175, 182)],[(174, 182)],[(175, 181)]


[(211, 83)],[(212, 123), (231, 125)],[(243, 164), (211, 164), (229, 113)],[(175, 260), (217, 255), (214, 191)],[(175, 268), (259, 269), (139, 270), (184, 269), (317, 271)]
[(295, 255), (249, 269)],[(194, 268), (233, 263), (283, 267), (273, 213)],[(257, 222), (222, 211), (196, 216), (255, 158)],[(250, 177), (206, 183), (259, 111)],[(283, 226), (245, 137), (223, 155)]
[(230, 129)],[(212, 165), (242, 150), (231, 116)],[(227, 227), (189, 224), (222, 155)],[(147, 268), (198, 270), (193, 210)],[(157, 268), (302, 270), (259, 270)]
[(304, 269), (220, 270), (248, 268), (282, 262)],[(226, 237), (268, 255), (196, 237), (257, 196)],[(256, 204), (221, 196), (252, 140), (198, 196)],[(247, 154), (219, 169), (324, 202), (259, 97)],[(245, 140), (224, 139), (241, 235)]
[(144, 140), (169, 141)],[(140, 195), (168, 193), (158, 125)],[(114, 233), (149, 178), (155, 234)],[(118, 242)],[(229, 240)]
[(166, 240), (138, 242), (221, 242), (208, 239)],[(190, 242), (183, 201), (153, 234), (120, 234)],[(182, 203), (134, 206), (150, 205)],[(152, 173), (175, 171), (223, 233), (193, 156)],[(103, 239), (175, 139), (146, 140), (197, 132), (156, 141)]
[(144, 140), (169, 140)],[(167, 207), (141, 207), (157, 137)],[(103, 238), (145, 245), (142, 190)],[(98, 240), (243, 242)],[(224, 239)]
[(198, 236), (126, 244), (213, 243), (163, 241)],[(189, 235), (152, 224), (184, 183), (127, 240)],[(134, 202), (181, 190), (150, 154)],[(197, 231), (154, 169), (178, 156)],[(175, 137), (147, 138), (197, 130), (95, 241), (159, 152)]
[(165, 141), (146, 137)],[(142, 181), (172, 182), (157, 124)],[(120, 236), (158, 235), (150, 180)],[(122, 236), (77, 242)],[(231, 242)]
[(218, 238)],[(162, 240), (128, 242), (193, 221), (207, 244)],[(152, 219), (188, 227), (182, 159), (129, 222)],[(179, 184), (145, 198), (275, 240)],[(182, 240), (179, 158), (145, 160), (160, 168)]
[(176, 132), (65, 241), (148, 132), (197, 128)],[(229, 241)],[(168, 226)],[(151, 169)],[(148, 134)]
[(147, 142), (167, 141)],[(142, 183), (171, 183), (158, 124)],[(158, 236), (122, 236), (150, 178)],[(122, 238)],[(230, 240)]
[(211, 237), (179, 243), (225, 241)],[(194, 244), (156, 239), (127, 238), (184, 195)],[(182, 206), (145, 215), (180, 144)],[(176, 169), (150, 175), (192, 156), (237, 229)],[(115, 240), (144, 141), (159, 151), (174, 146), (197, 133)]
[(133, 117), (152, 116), (142, 192), (28, 118)],[(113, 213), (158, 105), (156, 239), (54, 108), (173, 106)],[(177, 93), (84, 235)],[(49, 239), (195, 227)],[(211, 206)]
[(151, 116), (132, 117), (142, 192), (27, 118)],[(115, 215), (166, 105), (52, 107)],[(177, 94), (82, 228)],[(50, 239), (194, 228)],[(212, 204)]
[(133, 117), (152, 116), (142, 192), (28, 118)],[(115, 215), (166, 105), (52, 107)],[(86, 236), (70, 97), (178, 94)],[(49, 239), (195, 227)],[(211, 206)]
[(151, 116), (132, 117), (142, 192), (27, 118)],[(115, 215), (166, 105), (52, 107)],[(177, 94), (82, 228)],[(49, 239), (195, 227)],[(212, 204)]
[(151, 116), (132, 117), (142, 192), (27, 118)],[(115, 212), (167, 106), (52, 108), (152, 105), (24, 103)],[(84, 235), (177, 94)],[(50, 239), (194, 228)],[(212, 204)]
[(168, 140), (145, 141)],[(142, 181), (172, 180), (159, 126)],[(153, 238), (111, 240), (148, 175)],[(114, 240)],[(230, 240)]
[(166, 240), (138, 242), (221, 242), (208, 239)],[(191, 243), (153, 239), (183, 201), (126, 236)],[(182, 203), (149, 202), (185, 141)],[(175, 170), (150, 173), (192, 132), (236, 211)],[(114, 240), (144, 141), (159, 149), (175, 141), (196, 133)]
[(211, 83)],[(212, 123), (231, 125)],[(243, 164), (211, 164), (229, 113)],[(178, 259), (221, 247), (217, 172)],[(146, 269), (194, 269)]
[(257, 268), (302, 270)],[(213, 269), (298, 270), (243, 270)],[(225, 232), (266, 252), (196, 236), (256, 196)],[(254, 188), (252, 131), (209, 193), (224, 158)],[(245, 151), (220, 158), (306, 201)]
[(226, 126), (193, 252), (244, 124), (212, 121), (268, 126)],[(245, 108), (105, 268), (222, 109)],[(262, 241), (221, 86)],[(226, 188)],[(222, 125)]
[(211, 127), (232, 126)],[(211, 169), (241, 161), (230, 113)],[(222, 247), (179, 248), (219, 174)],[(183, 256), (146, 269)],[(258, 268), (153, 270), (300, 241)]
